
Invalid Geometry passed to logger
Invalid Geometry passed to logger
Invalid Geometry passed to logger
-------------------
SW -> 916

-------------------
SH -> 639
Transform: 

Matrix: 
0.801784 , 0.267261 , 0.534523 , 0
-0.316228 , 0.948683 , 0 , 0
-0.507093 , -0.169031 , 0.845154 , 0
0.00128571 , 0.000428571 , 0.000857143 , 1


Transform: 

Matrix: 
0.997202 , 0.0725238 , 0.0181309 , 0
-0.0725357 , 0.997366 , 0 , 0
-0.0180832 , -0.00131514 , 0.999836 , 0
-7.23208e-05 , -5.2597e-06 , -1.31492e-06 , 1


Transform: 

Matrix: 
0.408248 , -0.408248 , 0.816497 , 0
0.707107 , 0.707107 , 0 , 0
-0.57735 , 0.57735 , 0.57735 , 0
0.00166667 , -0.00166667 , 0.00333333 , 1


Invalid Geometry passed to logger
Invalid Geometry passed to logger
Invalid Geometry passed to logger
-------------------
SW -> 916

-------------------
SH -> 639
Invalid Geometry passed to logger
Invalid Geometry passed to logger
Invalid Geometry passed to logger
-------------------
SW -> 916

-------------------
SH -> 639
Invalid Geometry passed to logger
Invalid Geometry passed to logger
Invalid Geometry passed to logger
-------------------
SW -> 916

-------------------
SH -> 639
