
Invalid Geometry passed to logger
Invalid Geometry passed to logger
Invalid Geometry passed to logger
-------------------
SW -> 916

-------------------
SH -> 639
Transform: 

Matrix: 
0.57735 , 0.57735 , 0.57735 , 0
-0.707107 , 0.707107 , 0 , 0
-0.408248 , -0.408248 , 0.816497 , 0
0.00333333 , 0.00333333 , 0.00333333 , 1


Transform: 

Matrix: 
0.57735 , 0.57735 , 0.57735 , 0
-0.707107 , 0.707107 , 0 , 0
-0.408248 , -0.408248 , 0.816497 , 0
0.00333333 , 0.00333333 , 0.00333333 , 1


Transform: 

Matrix: 
0.57735 , 0.57735 , 0.57735 , 0
-0.707107 , 0.707107 , 0 , 0
-0.408248 , -0.408248 , 0.816497 , 0
0.00333333 , 0.00333333 , 0.00333333 , 1


